ID	pond	block	date	timepoint	treatment	chloride	nitrate	phosphate	sulfate	fluoride	bromide	O2_pourcentage	O2_mg	conductivity	pH	water_temperature
1A	1A	1	26.05.2025	0	control	70.128	0.219	4.445	99.601	NA	NA	80.6	7.44	850	7.8	18.7
1B	1B	1	26.05.2025	0	heated	83.876	0.175	4.714	117.977	NA	NA	73	6.85	851	7.73	18.4
2A	2A	2	26.05.2025	0	control	66.887	0.316	4.630	96.553	NA	NA	81	7.8	850	7.75	19
2B	2B	2	26.05.2025	0	heated	77.310	0.128	4.515	109.280	NA	NA	85.6	7.46	850	7.76	18.5
3A	3A	3	26.05.2025	0	heated	62.726	0.209	4.942	90.266	NA	NA	92.6	8.44	845	7.72	18.4
3B	3B	3	26.05.2025	0	control	63.279	0.136	4.840	90.550	NA	NA	82.4	7.09	858	7.66	19
4A	4A	4	26.05.2025	0	heated	70.688	0.147	4.799	101.122	NA	NA	48	4.5	855	7.52	19
4B	4B	4	26.05.2025	0	control	63.720	0.158	4.836	91.246	NA	NA	86.4	8.27	856	7.63	18.7
5A	5A	5	26.05.2025	0	control	76.636	0.126	4.970	110.058	NA	NA	85	7.5	840	7.8	19
5B	5B	5	26.05.2025	0	heated	74.440	0.166	5.547	108.011	NA	NA	76.3	7.77	844	7.65	19.1
6A	6A	6	26.05.2025	0	control	60.704	0.138	5.569	92.259	NA	NA	101	9.78	840	7.85	19.2
6B	6B	6	26.05.2025	0	heated	70.882	0.145	5.793	104.073	NA	NA	92.5	8.64	846	7.74	18.4
7A	7A	7	26.05.2025	0	heated	66.094	0.119	4.983	96.514	NA	NA	90	8.4	850	7.8	19.2
7B	7B	7	26.05.2025	0	control	94.637	0.162	5.248	129.627	NA	NA	76.4	7.78	845	7.74	19.1
8A	8A	8	26.05.2025	0	heated	68.994	0.164	5.452	100.175	NA	NA	88.2	8.28	847	7.8	19
8B	8B	8	26.05.2025	0	control	69.563	0.147	4.432	101.556	NA	NA	97.7	9.14	847	7.84	18.7
9A	9A	9	26.05.2025	0	control	62.356	0.141	4.757	97.493	NA	NA	98	8.94	832	7.7	19.4
9B	9B	9	26.05.2025	0	heated	64.919	0.189	5.176	99.353	NA	NA	81	7.81	834	7.64	19.3
10A	10A	10	26.05.2025	0	control	60.224	0.179	4.802	93.246	NA	NA	93.7	8.85	832	7.86	19.2
10B	10B	10	26.05.2025	0	heated	57.667	0.170	5.457	90.568	NA	NA	72.6	6.62	834	7.61	18.6
11A	11A	11	26.05.2025	0	heated	57.374	0.146	3.536	91.213	NA	NA	95.7	8.82	825	7.9	19.4
11B	11B	11	26.05.2025	0	control	59.047	0.163	4.497	91.625	NA	NA	118	9.6	833	7.87	19
12A	12A	12	26.05.2025	0	heated	58.574	0.157	4.091	90.273	NA	NA	94.2	8.13	830	7.84	19.2
12B	12B	12	26.05.2025	0	control	68.003	0.144	5.411	103.146	NA	NA	100	9.24	841	7.8	18.7
13A	13A	13	26.05.2025	0	control	58.247	0.215	4.281	92.294	NA	NA	120	9.2	894	7.97	19.5
13B	13B	13	26.05.2025	0	heated	59.219	0.149	5.049	94.744	NA	NA	95	8.97	826	7.92	19.3
14A	14A	14	26.05.2025	0	control	63.218	0.140	4.261	99.830	NA	NA	93.4	8.31	830	7.6	19.3
14B	14B	14	26.05.2025	0	heated	65.752	0.128	4.774	103.215	NA	NA	102.2	9.52	824	7.4	18.8
15A	15A	15	26.05.2025	0	heated	55.986	0.162	1.107	89.922	NA	NA	113	10.6	821	7.86	19.2
15B	15B	15	26.05.2025	0	control	54.575	0.147	1.366	86.351	NA	NA	99.3	9.07	826	7.84	19.2
16A	16A	16	26.05.2025	0	heated	55.318	0.194	1.250	87.751	NA	NA	96.5	8.82	824	7.68	19.1
16B	16B	16	26.05.2025	0	control	57.245	0.201	4.622	91.059	NA	NA	102.6	9.55	836	7.68	18.7
1A	1A	1	02.06.2025	1	control	60.265	0.115	4.480	85.748	NA	NA	39.3	3.36	828	8.24	21.2
1B	1B	1	02.06.2025	1	heated	59.926	0.121	4.848	84.545	NA	NA	59.7	4.85	847	7.53	23.7
2A	2A	2	02.06.2025	1	control	59.726	0.11	5.004	85.707	NA	NA	49.6	3.99	854	7.59	22.7
2B	2B	2	02.06.2025	1	heated	60.084	0.13	4.547	84.786	NA	NA	59.3	4.49	850	7.54	22.4
3A	3A	3	02.06.2025	1	heated	60.464	0.116	5.922	83.950	NA	NA	73.3	6.14	849	7.45	20.2
3B	3B	3	02.06.2025	1	control	60.848	0.097	6.256	84.788	NA	NA	62.3	5.25	855	7.17	20.1
4A	4A	4	02.06.2025	1	heated	60.634	0.097	5.288	83.729	NA	NA	46.6	3.65	865	7.46	22.1
4B	4B	4	02.06.2025	1	control	60.716	0.107	5.604	85.861	NA	NA	63.6	5.43	846	7.55	20.7
5A	5A	5	02.06.2025	1	control	58.079	0.1	4.565	84.721	NA	NA	53.3	4.18	839	8.15	20.3
5B	5B	5	02.06.2025	1	heated	57.518	0.108	5.510	83.407	NA	NA	64.5	4.88	850	7.62	23.5
6A	6A	6	02.06.2025	1	control	57.271	0.109	5.002	84.090	NA	NA	58.7	4.73	830	7.5	20.3
6B	6B	6	02.06.2025	1	heated	57.751	0.099	5.484	82.803	NA	NA	69.4	5.46	853	7.63	22.6
7A	7A	7	02.06.2025	1	heated	58.302	0.114	6.073	82.310	NA	NA	65.2	5.11	858	7.64	22.7
7B	7B	7	02.06.2025	1	control	59.127	0.111	5.045	85.058	NA	NA	71	5.64	838	7.84	20.6
8A	8A	8	02.06.2025	1	heated	59.398	0.089	5.459	83.445	NA	NA	53.6	3.83	855	7.74	22.5
8B	8B	8	02.06.2025	1	control	58.468	0.115	5.330	83.735	NA	NA	74.3	6.17	843	7.69	20.1
9A	9A	9	02.06.2025	1	control	54.913	0.108	4.962	83.851	NA	NA	63.7	5.28	819	8.01	20.1
9B	9B	9	02.06.2025	1	heated	54.996	0.088	5.089	82.346	NA	NA	72.7	5.87	838	7.66	23.1
10A	10A	10	02.06.2025	1	control	55.254	0.126	3.963	83.424	NA	NA	73.3	6.28	818	7.8	20.7
10B	10B	10	02.06.2025	1	heated	55.597	0.103	4.555	82.808	NA	NA	73.8	5.9	848	7.63	22.9
11A	11A	11	02.06.2025	1	heated	54.77	0.101	4.133	83.199	NA	NA	63.9	5.16	828	7.99	24
11B	11B	11	02.06.2025	1	control	55.447	0.121	3.758	83.344	NA	NA	81.5	6.6	837	7.81	23.3
12A	12A	12	02.06.2025	1	heated	55.836	0.104	5.122	82.779	NA	NA	60.5	4.03	840	7.61	22.8
12B	12B	12	02.06.2025	1	control	55.923	0.1	4.528	83.859	NA	NA	71.3	5.95	825	7.53	20.9
13A	13A	13	02.06.2025	1	control	53.971	0.11	4.074	83.431	NA	NA	70.5	5.41	815	8.07	20.5
13B	13B	13	02.06.2025	1	heated	53.914	0.115	3.935	81.967	NA	NA	76.5	6.34	824	8.07	23.4
14A	14A	14	02.06.2025	1	control	53.523	0.103	4.571	82.005	NA	NA	71.7	5.72	823	7.52	20.5
14B	14B	14	02.06.2025	1	heated	54.014	0.094	4.136	82.082	NA	NA	90	7.47	828	7.96	23.1
15A	15A	15	02.06.2025	1	heated	53.646	0.1	3.853	83.144	NA	NA	83	6.87	824	7.98	23
15B	15B	15	02.06.2025	1	control	53.781	0.112	4.040	83.400	NA	NA	62	5.11	820	7.79	20.7
16A	16A	16	02.06.2025	1	heated	53.675	0.109	3.867	81.608	NA	NA	61.2	4.89	837	7.77	23
16B	16B	16	02.06.2025	1	control	53.868	0.106	4.516	83.008	NA	NA	72	5.72	812	7.99	20.3
1A	1A	1	17.06.2025	3	control	59.875	0.253	2.858	75.991	0.026	0.007	2.3	0.21	843	7.5	22.9
1B	1B	1	17.06.2025	3	heated	59.724	0.141	2.811	78.052	0.027	0.008	6.2	0.5	849	7.53	25.2
2A	2A	2	17.06.2025	3	control	57.164	0.211	5.296	74.767	0.03	0.008	7.1	0.69	840	7.75	23.1
2B	2B	2	17.06.2025	3	heated	59.871	0.147	4.705	78.847	0.028	0.008	15.7	1.27	849	7.54	25
3A	3A	3	17.06.2025	3	heated	59.274	0.151	3.654	76.116	0.024	0.008	4	0.32	858	7.52	25.6
3B	3B	3	17.06.2025	3	control	60.448	0.107	3.093	75.701	0.026	0.008	3.5	0.29	859	7.53	23.1
4A	4A	4	17.06.2025	3	heated	60.67	0.116	4.694	77.56	0.028	0.008	1.6	0.12	865	7.49	25.3
4B	4B	4	17.06.2025	3	control	60.328	0.117	4.699	78.002	0.03	0.008	14.7	1.28	852	7.65	23.1
5A	5A	5	17.06.2025	3	control	57.718	0.119	3.637	77.432	0.031	0.007	2.5	0.21	832	7.51	23.1
5B	5B	5	17.06.2025	3	heated	57.522	0.103	3.669	77.639	0.027	0.008	2.2	0.17	847	7.51	25.8
6A	6A	6	17.06.2025	3	control	57.013	0.092	4.291	75.91	0.032	0.007	6.4	0.53	836	7.6	23.3
6B	6B	6	17.06.2025	3	heated	57.935	0.14	6.238	77.061	0.03	0.008	4.7	0.38	854	7.53	25.1
7A	7A	7	17.06.2025	3	heated	59.023	0.116	6.269	78.295	0.03	0.008	2.6	0.21	858	7.5	25.7
7B	7B	7	17.06.2025	3	control	57.905	0.127	3.781	74.339	0.026	0.007	6.7	0.57	840	7.64	23.4
8A	8A	8	17.06.2025	3	heated	59.69	0.121	4.594	78.526	0.029	0.008	3.5	0.28	862	7.55	25.8
8B	8B	8	17.06.2025	3	control	58.58	0.143	6.326	75.788	0.03	0.008	15.6	1.31	846	7.65	23
9A	9A	9	17.06.2025	3	control	55.257	0.131	6.051	77.282	0.03	0.007	2.1	0.16	832	7.61	23.4
9B	9B	9	17.06.2025	3	heated	55.471	0.084	3.86	78.293	0.031	0.007	3.3	0.26	836	7.5	26.1
10A	10A	10	17.06.2025	3	control	55.695	0.121	2.742	72.81	0.026	0.007	5.4	0.5	832	7.42	23.5
10B	10B	10	17.06.2025	3	heated	56.327	0.097	3.488	78.961	0.03	0.008	3	0.23	844	7.5	25.3
11A	11A	11	17.06.2025	3	heated	55.455	0.135	3.849	78.04	0.03	0.007	7.1	0.57	838	7.59	26.3
11B	11B	11	17.06.2025	3	control	56.08	0.122	5.104	78.142	0.029	0.007	15.9	1.35	830	7.67	23.7
12A	12A	12	17.06.2025	3	heated	57.577	0.28	4.821	78.894	0.031	0.007	4.3	0.35	842	7.54	26.1
12B	12B	12	17.06.2025	3	control	56.021	0.128	3.639	75.779	0.03	0.008	11.8	1.02	832	7.63	23.1
13A	13A	13	17.06.2025	3	control	52.335	0.116	3.745	76.501	0.029	0.007	5.3	0.46	823	7.71	23.6
13B	13B	13	17.06.2025	3	heated	54.615	0.11	3.442	77.907	0.029	0.007	3.9	0.31	830	7.63	26.3
14A	14A	14	17.06.2025	3	control	54.719	0.16	2.882	74.361	0.028	0.008	4.8	0.4	827	7.57	23.6
14B	14B	14	17.06.2025	3	heated	54.894	0.131	4.771	77.924	0.032	0.007	8.5	0.68	830	7.59	25.6
15A	15A	15	17.06.2025	3	heated	54.62	0.116	4.406	80.33	0.029	0.007	26.2	2.08	820	7.66	26.4
15B	15B	15	17.06.2025	3	control	54.395	0.149	4.018	76.232	0.029	0.008	23.4	1.92	823	7.8	23.7
16A	16A	16	17.06.2025	3	heated	51.467	0.131	3.248	75.066	0.028	0.006	12	0.97	830	7.59	26.1
16B	16B	16	17.06.2025	3	control	54.488	0.093	3.074	72.652	0.03	0.008	16.4	1.38	823	7.61	23.2
1A	1A	1	30.06.2025	5	control	61.383	0.15	3.2	79.144	0.029	0.008	20.8	1.74	857	7.79	26.1
1B	1B	1	30.06.2025	5	heated	61.429	0.12	3.351	78.066	0.029	0.008	36.5	2.84	867	7.89	28.4
2A	2A	2	30.06.2025	5	control	61.015	0.138	2.185	77.618	0.025	0.008	13.7	1.2	862	7.84	26.4
2B	2B	2	30.06.2025	5	heated	61.554	0.149	2.542	79.25	0.03	0.008	32.8	2.53	868	7.78	28
3A	3A	3	30.06.2025	5	heated	61.623	0.139	3.111	74.844	0.025	0.008	19.5	1.52	882	7.77	28.5
3B	3B	3	30.06.2025	5	control	62.346	0.151	4.616	76.656	0.026	0.008	25.4	2.45	883	7.77	26.4
4A	4A	4	30.06.2025	5	heated	62.547	0.138	2.886	76.968	0.027	0.008	10.6	0.87	891	7.68	28.3
4B	4B	4	30.06.2025	5	control	62.124	0.139	3.694	78.654	0.022	0.008	27.9	2.25	881	7.75	26.2
5A	5A	5	30.06.2025	5	control	52.976	0.162	2.867	74.129	0.025	0.007	18.9	1.55	849	7.72	26.3
5B	5B	5	30.06.2025	5	heated	58.652	0.142	3.808	76.586	0.028	0.007	10.9	0.83	871	7.71	28.8
6A	6A	6	30.06.2025	5	control	58.778	0.143	3.376	76.366	0.025	0.007	25.8	2.08	857	7.81	26.4
6B	6B	6	30.06.2025	5	heated	60.285	0.16	4.067	77.298	0.027	0.008	11.4	0.88	877	7.73	28.1
7A	7A	7	30.06.2025	5	heated	60.774	0.153	4.127	77.727	0.028	0.008	10.7	0.84	881	7.74	28.7
7B	7B	7	30.06.2025	5	control	61.077	0.131	3.567	78.854	0.027	0.007	23.6	1.9	859	7.83	26.6
8A	8A	8	30.06.2025	5	heated	61.037	0.147	2.848	75.434	0.024	0.008	10.9	0.58	885	7.72	28.8
8B	8B	8	30.06.2025	5	control	60.852	0.166	3.082	76.796	0.028	0.007	7.1	0.56	879	7.6	26.1
9A	9A	9	30.06.2025	5	control	57.284	0.136	3.788	76.24	0.027	0.007	19	1.54	859	7.69	26.8
9B	9B	9	30.06.2025	5	heated	57.986	0.138	2.876	78.224	0.028	0.008	12.5	0.91	857	7.73	29.1
10A	10A	10	30.06.2025	5	control	57.298	0.171	3.392	75.379	0.025	0.007	13.4	1.07	857	7.66	26.4
10B	10B	10	30.06.2025	5	heated	56.643	0.168	2.488	76.281	0.026	0.007	6.1	0.46	874	7.64	28.4
11A	11A	11	30.06.2025	5	heated	57.831	0.155	4.457	78.422	0.028	0.008	51.7	3.95	851	7.93	29.3
11B	11B	11	30.06.2025	5	control	48.042	0.15	3.264	67.621	0.029	0.006	42	3.3	840	7.98	27.2
12A	12A	12	30.06.2025	5	heated	58.355	0.162	2.762	77.354	0.028	0.007	29.2	2.21	847	7.84	29.1
12B	12B	12	30.06.2025	5	control	56.187	0.151	3.477	74.891	0.029	0.007	17.7	1.42	854	7.72	26.5
13A	13A	13	30.06.2025	5	control	54.266	0.154	2.957	76.198	0.028	0.006	22.8	2.11	831	7.92	27.1
13B	13B	13	30.06.2025	5	heated	56.72	0.142	3.721	77.878	0.028	0.007	12.8	0.95	853	7.71	29.7
14A	14A	14	30.06.2025	5	control	56.262	0.133	4.524	77.877	0.028	0.007	15.5	1.23	848	7.68	26.9
14B	14B	14	30.06.2025	5	heated	47.894	0.154	3.306	70.15	0.03	0.006	21.1	1.61	851	7.78	28.6
15A	15A	15	30.06.2025	5	heated	56.562	0.172	3.571	80.879	0.038	0.007	50	3.72	814	7.99	29.4
15B	15B	15	30.06.2025	5	control	35.265	0.135	4.295	50.434	0.02	0.004	20	1.62	836	7.79	27.1
16A	16A	16	30.06.2025	5	heated	48.871	0.143	3.296	70.308	0.028	0.006	18.8	1.42	823	7.72	29.4
16B	16B	16	30.06.2025	5	control	56.409	0.164	4.97	78.01	0.031	0.007	8.3	0.667	853	7.65	26.5
1A	1A	1	15.07.2025	7	control	62.861	0.163	3.73	79.042	0.028	0.007	52.5	4.3	854	8.1	23.1
1B	1B	1	15.07.2025	7	heated	63.389	0.167	2.861	79.128	0.029	0.008	72.6	5.98	840	8.32	24.8
2A	2A	2	15.07.2025	7	control	62.624	0.186	3.05	79.077	0.024	0.007	13.9	1.19	858	7.82	23.4
2B	2B	2	15.07.2025	7	heated	62.759	0.154	3.062	80.104	0.027	0.008	33	2.72	877	7.78	25
3A	3A	3	15.07.2025	7	heated	64.36	0.154	2.566	78.409	0.029	0.008	81.7	6.74	871	8.32	24.8
3B	3B	3	15.07.2025	7	control	62.954	0.151	3.741	76.918	0.028	0.007	58.6	4.84	870	8.23	23.2
4A	4A	4	15.07.2025	7	heated	63.14	0.155	3.148	77.822	0.03	0.008	19	1.56	903	7.78	24.9
4B	4B	4	15.07.2025	7	control	62.339	0.171	4.025	77.781	0.037	0.006	32.6	2.84	892	7.8	22.5
5A	5A	5	15.07.2025	7	control	60.409	0.15	3.85	79.638	0.029	0.007	31.7	2.73	851	7.98	23.2
5B	5B	5	15.07.2025	7	heated	61.339	0.159	3.158	79.494	0.028	0.008	54.5	4.48	855	8.17	25
6A	6A	6	15.07.2025	7	control	59.985	0.155	3.953	77.003	0.03	0.006	37.8	3.2	858	8.05	23.3
6B	6B	6	15.07.2025	7	heated	61.501	0.178	3.115	77.466	0.027	0.008	31.9	2.64	871	7.97	24.8
7A	7A	7	15.07.2025	7	heated	63.216	0.236	2.786	79.639	0.027	0.008	47.8	3.92	864	8.15	25
7B	7B	7	15.07.2025	7	control	60.853	0.202	4.433	77.876	0.03	0.006	31.4	2.66	846	7.95	23.5
8A	8A	8	15.07.2025	7	heated	63.508	0.16	4.935	78.683	0.029	0.007	25.9	2.13	887	7.8	25.1
8B	8B	8	15.07.2025	7	control	61.054	0.159	4.635	75.613	0.029	0.007	23.2	1.99	880	7.85	23.3
9A	9A	9	15.07.2025	7	control	57.939	0.149	3.159	75.881	0.029	0.006	32.4	2.77	856	7.94	23.3
9B	9B	9	15.07.2025	7	heated	59.391	0.163	3.318	79.306	0.029	0.007	25.7	2.14	845	8.05	25.3
10A	10A	10	15.07.2025	7	control	58.404	0.145	4.139	75.067	0.027	0.006	33.6	2.84	842	7.91	23.5
10B	10B	10	15.07.2025	7	heated	60.428	0.148	5.28	81.514	0.032	0.007	33.8	2.8	892	7.83	25
11A	11A	11	15.07.2025	7	heated	58.462	0.136	3.655	77.881	0.03	0.007	24.6	2.02	836	8.02	25.3
11B	11B	11	15.07.2025	7	control	58.847	0.132	3.25	80.82	0.031	0.006	36.5	3.06	837	8	23.8
12A	12A	12	15.07.2025	7	heated	55.642	0.126	3.57	75.924	0.031	0.007	16.1	1.33	834	7.79	25.3
12B	12B	12	15.07.2025	7	control	59.784	0.13	4.005	79.276	0.03	0.007	40.4	3.5	857	8.02	23.4
13A	13A	13	15.07.2025	7	control	57.347	0.175	3.905	78.723	0.026	0.006	34.3	2.87	826	7.88	23.6
13B	13B	13	15.07.2025	7	heated	58.266	0.143	4.106	79.518	0.031	0.007	35.8	2.92	845	7.78	25.5
14A	14A	14	15.07.2025	7	control	57.442	0.146	3.951	79.042	0.03	0.006	31.3	2.66	841	7.87	23.6
14B	14B	14	15.07.2025	7	heated	57.719	0.17	3.074	77.497	0.029	0.007	39.1	3.22	851	7.77	24.9
15A	15A	15	15.07.2025	7	heated	57.941	0.17	3.846	82.996	0.024	0.006	48.9	3.93	810	7.86	25.2
15B	15B	15	15.07.2025	7	control	57.73	0.166	3.561	79.494	0.021	0.006	48.9	4.16	827	7.99	23.8
16A	16A	16	15.07.2025	7	heated	56.9	0.151	3.742	78.817	0.031	0.007	47.8	3.96	815	7.54	24.6
16B	16B	16	15.07.2025	7	control	57.266	0.162	3.671	77.123	0.029	0.006	39.4	3.37	841	8.08	23.4
1A	1A	1	28.07.2025	9	control	52.443	0.135	2.475	68.442	0.027	0.005	46	4	808	8.15	21.7
1B	1B	1	28.07.2025	9	heated	53.007	0.18	2.859	68.009	0.027	0.006	22.6	1.9	804	7.84	23.1
2A	2A	2	28.07.2025	9	control	55.209	0.156	2.875	70.212	0.026	0.006	43.2	3.72	807	7.99	21.9
2B	2B	2	28.07.2025	9	heated	56.846	0.178	3.013	75.101	0.029	0.006	62.4	5.33	832	7.99	22.8
3A	3A	3	28.07.2025	9	heated	53.63	0.195	2.79	67.28	0.027	0.006	15.3	1.29	822	7.98	23.1
3B	3B	3	28.07.2025	9	control	51.761	0.152	2.599	65.509	0.024	0.006	48.2	4.21	815	8.23	21.9
4A	4A	4	28.07.2025	9	heated	61.369	0.169	3.764	76.644	0.028	0.007	45.4	3.86	860	7.89	22.9
4B	4B	4	28.07.2025	9	control	54.906	0.122	3.386	70.423	0.025	0.005	33.2	2.92	852	7.62	21.1
5A	5A	5	28.07.2025	9	control	57.468	0.152	2.641	75.832	0.028	0.006	49.7	4.3	803	8.07	21.9
5B	5B	5	28.07.2025	9	heated	45.335	0.145	3.067	63.661	0.028	0.005	30	2.56	808	7.89	23.1
6A	6A	6	28.07.2025	9	control	52.058	0.192	2.893	66.626	0.026	0.005	47.1	4.11	804	8.1	21.9
6B	6B	6	28.07.2025	9	heated	53.631	0.107	1.793	67.766	0.026	0.007	75.9	6.44	812	8.15	23.1
7A	7A	7	28.07.2025	9	heated	58.481	0.186	4.305	74.1	0.028	0.006	36.1	3.04	821	7.93	23.1
7B	7B	7	28.07.2025	9	control	57.377	0.175	4.18	72.928	0.028	0.006	50.1	4.35	797	8.02	22.1
8A	8A	8	28.07.2025	9	heated	40.89	0.148	4.606	55.742	0.026	0.004	53.2	4.54	832	7.74	23
8B	8B	8	28.07.2025	9	control	55.087	0.137	3.472	68.925	0.026	0.005	45.6	3.94	833	7.92	21.6
9A	9A	9	28.07.2025	9	control	45.11	0.166	4.019	62.55	0.025	0.005	30.1	2.66	807	7.86	22.1
9B	9B	9	28.07.2025	9	heated	52.676	0.154	3.807	71.455	0.028	0.006	32.7	2.74	799	7.83	23.4
10A	10A	10	28.07.2025	9	control	55.322	0.157	3.256	70.675	0.027	0.006	28.6	2.49	792	7.8	22
10B	10B	10	28.07.2025	9	heated	49.947	0.156	3.856	70.839	0.027	0.005	58	4.93	851	7.95	23
11A	11A	11	28.07.2025	9	heated	56.826	0.161	4.096	74.911	0.029	0.007	34.2	2.88	795	7.78	23.4
11B	11B	11	28.07.2025	9	control	52.258	0.14	3.251	71.286	0.027	0.005	51.2	4.43	793	8.06	22.3
12A	12A	12	28.07.2025	9	heated	57.33	0.156	4.054	76.887	0.03	0.006	35	2.98	788	7.44	23
12B	12B	12	28.07.2025	9	control	55.195	0.132	3.761	73.302	0.029	0.005	53.6	4.67	813	8.05	21.8
13A	13A	13	28.07.2025	9	control	54.753	0.169	2.529	75.097	0.027	0.006	52.1	4.49	778	8.04	22.2
13B	13B	13	28.07.2025	9	heated	49.78	0.146	4.336	71.063	0.03	0.006	57.5	4.88	799	7.54	23.1
14A	14A	14	28.07.2025	9	control	51.054	0.158	4.073	70.773	0.029	0.004	37.5	3.24	795	7.97	22.1
14B	14B	14	28.07.2025	9	heated	55.994	0.165	4.04	74.776	0.03	0.006	45.8	3.9	811	7.63	23
15A	15A	15	28.07.2025	9	heated	42.547	0.138	3.222	69.283	0.03	0.004	50.4	4.28	769	7.62	22.8
15B	15B	15	28.07.2025	9	control	54.751	0.143	2.858	74.471	0.026	0.004	53.4	4.6	781	8.04	22.3
16A	16A	16	28.07.2025	9	heated	51.172	0.134	3.414	71.603	0.029	0.005	30.3	2.6	775	7.37	22.9
16B	16B	16	28.07.2025	9	control	43.269	0.151	4.224	62.092	0.03	0.005	37.1	3.27	791	7.98	21.5
1A	1A	1	11.08.2025	11	control	59.202	0.177	3.648	73.117	0.03	0.006	63.3	5.4	789	8.26	22.7
1B	1B	1	11.08.2025	11	heated	60.59	0.171	2.182	75.084	0.026	0.007	45	3.73	792	7.85	25.1
2A	2A	2	11.08.2025	11	control	59.158	0.155	4.341	74.396	0.019	0.006	55.4	4.74	796	8.07	23.1
2B	2B	2	11.08.2025	11	heated	60.748	0.158	3.568	76.714	0.028	0.005	64.3	5.33	824	8.01	24.9
3A	3A	3	11.08.2025	11	heated	60.803	0.174	3.853	73.872	0.027	0.007	45.2	3.71	805	7.99	25.1
3B	3B	3	11.08.2025	11	control	60.212	0.131	2.647	72.376	0.024	0.006	65.3	5.61	790	8.27	23.1
4A	4A	4	11.08.2025	11	heated	61.45	0.143	4.325	75.411	0.029	0.005	57.3	4.75	853	7.94	24.8
4B	4B	4	11.08.2025	11	control	59.061	0.165	5.882	74.147	0.029	0.006	48.4	4.29	845	7.71	21.5
5A	5A	5	11.08.2025	11	control	57.058	0.145	3.097	74.537	0.028	0.006	63.4	5.43	795	8.15	23.1
5B	5B	5	11.08.2025	11	heated	58.302	0.159	2.974	75.432	0.03	0.007	40.3	3.33	788	7.87	25.3
6A	6A	6	11.08.2025	11	control	56.471	0.168	4.681	71.598	0.03	0.005	56.2	4.8	788	8.09	23
6B	6B	6	11.08.2025	11	heated	58.863	0.137	3.777	73.185	0.028	0.007	19.1	1.54	807	7.77	25.1
7A	7A	7	11.08.2025	11	heated	59.714	0.167	3.839	73.654	0.026	0.007	41.5	3.41	797	7.93	25.5
7B	7B	7	11.08.2025	11	control	58.396	0.173	4.946	73.386	0.028	0.006	67.3	5.71	782	8.14	23.4
8A	8A	8	11.08.2025	11	heated	59.947	0.152	5.689	73.079	0.029	0.004	48	4.01	817	7.7	24.8
8B	8B	8	11.08.2025	11	control	57.914	0.161	2.433	69.594	0.023	0.005	64.2	5.58	824	8.01	22.3
9A	9A	9	11.08.2025	11	control	54.721	0.163	5.07	70.186	0.028	0.006	53.1	4.54	791	7.99	23.4
9B	9B	9	11.08.2025	11	heated	56.434	0.146	4.062	74.615	0.029	0.005	51.7	4.24	774	7.91	25.8
10A	10A	10	11.08.2025	11	control	54.595	0.148	3.746	68.559	0.027	0.006	44.8	3.81	774	7.88	23.2
10B	10B	10	11.08.2025	11	heated	55.953	0.143	1.53	73.812	0.025	0.004	54.4	4.49	847	7.89	24.9
11A	11A	11	11.08.2025	11	heated	55.838	0.159	3.858	72.382	0.028	0.005	49.6	4.03	777	7.78	25.7
11B	11B	11	11.08.2025	11	control	55.235	0.145	4.077	73.933	0.03	0.006	74.1	6.26	778	8.23	23.9
12A	12A	12	11.08.2025	11	heated	56.361	0.16	3.978	74.107	0.028	0.006	34	2.79	778	7.46	25
12B	12B	12	11.08.2025	11	control	55.489	0.16	4.412	72.098	0.03	0.004	69.1	5.96	802	8.16	22.8
13A	13A	13	11.08.2025	11	control	53.622	0.165	4.137	72.979	0.028	0.005	64.2	5.48	763	8.12	23.5
13B	13B	13	11.08.2025	11	heated	54.145	0.176	2.278	73.082	0.026	0.006	55.3	4.55	789	7.56	25.2
14A	14A	14	11.08.2025	11	control	53.536	0.153	3.641	72.152	0.027	0.004	60.5	5.15	782	8.1	23.4
14B	14B	14	11.08.2025	11	heated	54.566	0.144	3.887	71.963	0.031	0.005	38	3.16	804	7.67	24.9
15A	15A	15	11.08.2025	11	heated	53.947	0.162	2.845	76.243	0.03	NA	52.9	4.4	755	7.53	24.8
15B	15B	15	11.08.2025	11	control	53.662	0.193	3.498	72.591	0.026	0.005	59	5	773	8.07	23.6
16A	16A	16	11.08.2025	11	heated	53.548	0.137	3.259	72.987	0.029	0.006	28.8	2.4	770	7.44	24.8
16B	16B	16	11.08.2025	11	control	53.036	0.137	3.524	70.639	0.027	0.005	43	3.73	773	7.99	22.5
1A	1A	1	25.08.2025	13	control	61.127	0.177	4.229	75.85	0.032	0.006	37	3.37	800	8.05	19.4
1B	1B	1	25.08.2025	13	heated	62.964	0.17	3.59	77.503	0.032	0.008	32.8	2.9	806	7.87	21.5
2A	2A	2	25.08.2025	13	control	60.816	0.175	5.514	76.079	0.032	0.007	37.4	3.37	812	8	19.7
2B	2B	2	25.08.2025	13	heated	63.15	0.183	4.804	80.216	0.033	0.005	63.6	5.61	842	7.97	21.6
3A	3A	3	25.08.2025	13	heated	63.104	0.187	4.457	76.718	0.023	0.007	49.6	4.32	811	8.05	21.6
3B	3B	3	25.08.2025	13	control	62.07	0.183	5.111	74.726	0.029	0.007	28.7	2.63	797	7.91	19.8
4A	4A	4	25.08.2025	13	heated	63.832	0.182	5.933	79.465	0.033	0.004	46.2	4.07	871	7.94	21.2
4B	4B	4	25.08.2025	13	control	61.163	0.161	6.204	76.305	0.031	0.007	53.2	4.94	854	7.87	18.9
5A	5A	5	25.08.2025	13	control	58.992	0.16	4.188	77.38	0.033	0.006	52.4	4.8	796	8.13	19.7
5B	5B	5	25.08.2025	13	heated	60.703	0.186	4.018	78.774	0.031	0.007	45.6	3.94	789	7.91	22.1
6A	6A	6	25.08.2025	13	control	58.539	0.17	4.676	73.669	0.031	0.006	42	3.8	795	8.04	19.7
6B	6B	6	25.08.2025	13	heated	61.319	0.129	4.866	76.329	0.032	0.006	63.5	5.58	810	8.08	21.8
7A	7A	7	25.08.2025	13	heated	62.367	0.179	5.198	77.794	0.029	0.007	42.6	3.72	800	7.97	21.8
7B	7B	7	25.08.2025	13	control	60.776	0.163	4.891	76.846	0.032	0.006	50.5	4.59	793	8.12	20.2
8A	8A	8	25.08.2025	13	heated	62.627	0.143	6.21	77.103	0.032	0.003	43.3	3.8	817	7.77	21.6
8B	8B	8	25.08.2025	13	control	60.119	0.168	6.965	73.459	0.03	0.005	41.4	3.84	839	7.89	19.2
9A	9A	9	25.08.2025	13	control	57.243	0.171	6.144	73.393	0.03	0.006	30.4	2.74	806	7.89	20.1
9B	9B	9	25.08.2025	13	heated	59.431	0.242	4.426	78.864	0.022	0.005	46.3	4.02	778	7.94	22.4
10A	10A	10	25.08.2025	13	control	57.52	0.238	5.715	72.218	0.033	0.006	26.5	2.33	787	7.77	20
10B	10B	10	25.08.2025	13	heated	60.092	0.164	5.966	80.132	0.032	0.005	58.3	5.15	865	7.9	21.6
11A	11A	11	25.08.2025	13	heated	59.165	0.184	4.978	77.324	0.03	0.005	63.7	5.51	786	7.89	22
11B	11B	11	25.08.2025	13	control	58.031	0.161	4.286	78.953	0.029	0.006	58.7	5.3	787	8.23	20.6
12A	12A	12	25.08.2025	13	heated	59.606	0.184	4.401	78.87	0.03	0.006	33.4	2.91	788	7.59	21.6
12B	12B	12	25.08.2025	13	control	56.972	0.198	4.44	74.642	0.029	0.005	56.3	5.2	815	8.15	19.6
13A	13A	13	25.08.2025	13	control	56.03	0.151	5.073	76.223	0.033	0.005	50.7	4.8	770	8.14	20
13B	13B	13	25.08.2025	13	heated	57.386	0.176	4.597	77.506	0.033	0.007	51	4.42	797	7.74	21.8
14A	14A	14	25.08.2025	13	control	55.055	0.168	5.098	74.562	0.027	0.005	30.6	2.79	801	8	19.8
14B	14B	14	25.08.2025	13	heated	58.466	0.21	4.569	76.651	0.033	0.006	54.9	4.73	811	7.84	21.9
15A	15A	15	25.08.2025	13	heated	57.218	0.22	2.941	80.764	0.033	0.004	62.6	5.56	764	7.66	21.3
15B	15B	15	25.08.2025	13	control	56.593	0.169	5.73	77.057	0.025	0.004	49.5	4.44	784	8.09	20.1
16A	16A	16	25.08.2025	13	heated	57.358	0.189	3.69	78.044	0.033	0.006	35.8	3.16	783	7.59	21.7
16B	16B	16	25.08.2025	13	control	56.178	0.184	5.238	74.697	0.032	0.005	43	3.94	777	7.91	19.4
1A	1A	1	08.09.2025	15	control	58.402	0.142	1.920	72.571	NA	NA	46	4.17	787	8.02	19.8
1B	1B	1	08.09.2025	15	heated	60.361	0.156	1.384	74.891	NA	NA	54	4.62	796	7.95	21.7
2A	2A	2	08.09.2025	15	control	47.842	0.139	2.005	65.035	NA	NA	39	3.51	803	7.96	20.1
2B	2B	2	08.09.2025	15	heated	53.647	0.138	3.020	72.499	NA	NA	68.2	5.96	829	7.98	21.5
3A	3A	3	08.09.2025	15	heated	48.378	0.122	2.906	65.517	NA	NA	55.6	4.8	793	8.05	22.9
3B	3B	3	08.09.2025	15	control	59.244	0.145	3.153	71.631	NA	NA	30	2.67	779	7.82	20.2
4A	4A	4	08.09.2025	15	heated	44.506	0.127	4.349	62.054	NA	NA	55.5	4.86	861	7.91	21.4
4B	4B	4	08.09.2025	15	control	58.365	0.137	2.777	72.797	NA	NA	37.6	3.44	844	7.79	19.1
5A	5A	5	08.09.2025	15	control	56.094	0.136	2.706	73.831	NA	NA	56.5	5.05	784	8.08	20.3
5B	5B	5	08.09.2025	15	heated	58.070	0.132	2.383	75.262	NA	NA	47.4	4.08	769	7.84	22.1
6A	6A	6	08.09.2025	15	control	55.876	0.134	2.364	70.317	NA	NA	57	5.11	779	8.04	20.2
6B	6B	6	08.09.2025	15	heated	55.838	0.152	3.227	70.271	NA	NA	64.5	5.56	798	7.91	21.9
7A	7A	7	08.09.2025	15	heated	59.611	0.140	2.996	74.214	NA	NA	45.2	3.9	783	7.93	22.1
7B	7B	7	08.09.2025	15	control	55.279	0.159	2.340	69.797	NA	NA	54	4.8	780	8.09	20.5
8A	8A	8	08.09.2025	15	heated	56.609	0.144	3.528	70.998	NA	NA	47.7	4.16	797	7.66	21.6
8B	8B	8	08.09.2025	15	control	44.533	0.100	4.650	62.378	NA	NA	38.1	3.45	829	7.74	19.6
9A	9A	9	08.09.2025	15	control	54.415	0.151	4.777	70.813	NA	NA	32.2	2.87	796	7.85	20.4
9B	9B	9	08.09.2025	15	heated	55.726	0.117	2.279	74.796	NA	NA	63.4	5.47	764	8.05	22.2
10A	10A	10	08.09.2025	15	control	54.159	0.093	3.017	68.690	NA	NA	39.3	3.5	776	7.84	20.3
10B	10B	10	08.09.2025	15	heated	57.277	0.125	2.210	76.444	NA	NA	63	5.49	855	7.84	21.7
11A	11A	11	08.09.2025	15	heated	56.060	0.133	1.721	73.374	NA	NA	61.8	5.36	774	7.61	21.9
11B	11B	11	08.09.2025	15	control	55.442	0.096	2.381	75.847	NA	NA	61.7	5.5	777	8.16	20.5
12A	12A	12	08.09.2025	15	heated	53.907	0.172	1.931	71.795	NA	NA	37.2	3.25	772	7.5	21.6
12B	12B	12	08.09.2025	15	control	55.648	0.166	2.504	72.833	NA	NA	56.1	5.06	802	8.07	19.9
13A	13A	13	08.09.2025	15	control	53.299	0.107	3.002	73.096	NA	NA	56.6	5.09	757	8.03	20
13B	13B	13	08.09.2025	15	heated	54.931	0.170	2.464	74.051	NA	NA	47	4.1	780	7.64	21.6
14A	14A	14	08.09.2025	15	control	53.607	0.127	1.866	72.590	NA	NA	48.4	4.34	789	7.91	20.1
14B	14B	14	08.09.2025	15	heated	54.406	0.091	2.428	71.791	NA	NA	46.6	4.07	794	7.74	21.7
15A	15A	15	08.09.2025	15	heated	54.242	0.176	1.557	77.230	NA	NA	56.6	4.99	750	7.57	21.1
15B	15B	15	08.09.2025	15	control	53.816	0.139	1.906	73.187	NA	NA	56.5	5.1	770	8.05	20.1
16A	16A	16	08.09.2025	15	heated	35.173	0.111	1.882	54.050	NA	NA	39.4	3.45	770	7.49	21.3
16B	16B	16	08.09.2025	15	control	51.618	0.096	2.996	69.852	NA	NA	36.4	3.31	762	7.56	19.3
1A	1A	1	23.09.2025	17	control	55.418	0.156	2.320	69.316	NA	NA	28.5	2.78	760	7.78	16.4
1B	1B	1	23.09.2025	17	heated	57.279	0.169	1.914	71.523	NA	NA	28	2.59	767	7.68	18.1
2A	2A	2	23.09.2025	17	control	56.650	0.280	2.554	70.237	NA	NA	27.6	2.67	778	7.76	16.7
2B	2B	2	23.09.2025	17	heated	57.569	0.114	2.614	73.226	NA	NA	65.2	6.16	797	7.83	18
3A	3A	3	23.09.2025	17	heated	57.598	0.160	2.322	70.460	NA	NA	34.1	3.15	762	7.78	18.4
3B	3B	3	23.09.2025	17	control	56.335	0.105	2.702	68.752	NA	NA	22	2.11	750	7.68	16.7
4A	4A	4	23.09.2025	17	heated	58.517	0.216	2.682	73.094	NA	NA	60.5	5.11	831	7.86	18
4B	4B	4	23.09.2025	17	control	55.815	0.139	2.223	69.532	NA	NA	29.4	2.84	817	7.68	16.3
5A	5A	5	23.09.2025	17	control	53.505	0.091	2.086	69.921	NA	NA	40.5	3.88	758	7.9	16.8
5B	5B	5	23.09.2025	17	heated	55.595	0.139	2.211	72.586	NA	NA	28.4	2.64	741	7.68	18.5
6A	6A	6	23.09.2025	17	control	53.302	0.150	2.070	67.329	NA	NA	36.3	3.5	754	7.9	16.8
6B	6B	6	23.09.2025	17	heated	56.097	0.094	2.083	69.556	NA	NA	58.5	5.48	766	7.79	18.3
7A	7A	7	23.09.2025	17	heated	56.878	0.205	2.602	69.290	NA	NA	30.6	2.89	754	7.76	18.1
7B	7B	7	23.09.2025	17	control	55.187	0.107	2.549	69.278	NA	NA	32.5	3.12	755	7.89	17.1
8A	8A	8	23.09.2025	17	heated	56.711	0.226	3.245	69.585	NA	NA	52	4.87	765	7.58	18.2
8B	8B	8	23.09.2025	17	control	54.185	0.104	3.789	66.812	NA	NA	49	4.78	803	7.66	16.3
9A	9A	9	23.09.2025	17	control	51.926	0.169	3.284	66.837	NA	NA	22.1	2.13	769	7.77	17
9B	9B	9	23.09.2025	17	heated	53.954	0.104	2.155	71.660	NA	NA	36.4	3.38	738	7.8	18.6
10A	10A	10	23.09.2025	17	control	51.526	0.110	2.802	65.891	NA	NA	25.4	2.43	748	7.74	16.9
10B	10B	10	23.09.2025	17	heated	54.502	0.279	2.712	72.709	NA	NA	68.7	6.5	823	7.7	17.9
11A	11A	11	23.09.2025	17	heated	53.059	0.147	2.858	69.529	NA	NA	56.3	5.33	743	7.47	17.9
11B	11B	11	23.09.2025	17	control	52.571	0.096	2.442	72.236	NA	NA	44.3	4.27	753	8	17
12A	12A	12	23.09.2025	17	heated	53.830	0.247	2.044	71.105	NA	NA	41	3.88	741	7.45	17.7
12B	12B	12	23.09.2025	17	control	52.674	0.104	2.509	68.636	NA	NA	45.1	4.36	773	7.95	16.7
13A	13A	13	23.09.2025	17	control	52.202	0.104	2.701	69.525	NA	NA	43.1	4.19	733	7.84	16.7
13B	13B	13	23.09.2025	17	heated	52.566	0.269	2.055	69.921	NA	NA	49.3	4.66	747	7.57	17.9
14A	14A	14	23.09.2025	17	control	50.868	0.121	3.089	69.997	NA	NA	42	4.16	759	7.73	16.6
14B	14B	14	23.09.2025	17	heated	52.180	0.142	2.439	69.338	NA	NA	49.1	4.64	760	7.64	18
15A	15A	15	23.09.2025	17	heated	51.600	0.237	1.371	73.593	NA	NA	54.6	5.2	721	7.48	17.6
15B	15B	15	23.09.2025	17	control	50.988	0.113	2.613	69.272	NA	NA	34.9	3.38	747	7.83	16.8
16A	16A	16	23.09.2025	17	heated	51.878	0.173	1.718	71.148	NA	NA	38.8	3.69	740	7.4	17.9
16B	16B	16	23.09.2025	17	control	50.014	0.123	4.009	68.159	NA	NA	38	3.73	731	7.42	16.2
1A	1A	1	21.10.2025	21	control	54.173	0.130	2.418	65.995	NA	NA	52.3	5.38	725	7.9	12.9
1B	1B	1	21.10.2025	21	heated	57.067	0.233	2.991	70.783	NA	NA	54.0	5.5	736	7.73	13.2
2A	2A	2	21.10.2025	21	control	55.481	0.138	4.719	69.555	NA	NA	55.2	5.67	747	7.8	13
2B	2B	2	21.10.2025	21	heated	57.578	0.141	3.179	72.613	NA	NA	79.2	8.07	767	8	13.6
3A	3A	3	21.10.2025	21	heated	57.539	0.151	2.997	69.891	NA	NA	50.5	5.11	734	7.7	13.6
3B	3B	3	21.10.2025	21	control	56.430	0.145	4.839	67.909	NA	NA	32.1	3.33	718	7.5	13
4A	4A	4	21.10.2025	21	heated	56.040	0.156	4.052	69.211	NA	NA	71.1	7.22	804	7.8	13.5
4B	4B	4	21.10.2025	21	control	54.144	0.115	3.284	68.858	NA	NA	39.2	4.08	794	7.6	12.8
5A	5A	5	21.10.2025	21	control	53.776	0.132	2.967	69.996	NA	NA	59.2	6.08	731	7.9	12.9
5B	5B	5	21.10.2025	21	heated	55.626	0.354	2.386	71.963	NA	NA	50.9	5.14	716	7.7	13.6
6A	6A	6	21.10.2025	21	control	53.576	0.126	3.977	67.365	NA	NA	49.0	5.06	732	7.8	13.1
6B	6B	6	21.10.2025	21	heated	55.352	0.127	3.222	69.080	NA	NA	65.9	6.7	738	7.6	13.6
7A	7A	7	21.10.2025	21	heated	55.475	0.553	3.509	68.275	NA	NA	47.0	4.77	726	7.7	13.5
7B	7B	7	21.10.2025	21	control	54.998	0.105	2.443	69.318	NA	NA	53.2	5.48	726	7.8	13.2
8A	8A	8	21.10.2025	21	heated	56.310	0.234	4.166	69.342	NA	NA	51.5	5.23	740	7.5	13.6
8B	8B	8	21.10.2025	21	control	54.140	0.126	5.164	66.506	NA	NA	55.4	5.74	774	7.6	12.9
9A	9A	9	21.10.2025	21	control	51.789	0.123	2.821	65.576	NA	NA	46.4	4.73	740	7.8	13.3
9B	9B	9	21.10.2025	21	heated	53.667	0.158	2.806	71.023	NA	NA	57.6	5.87	711	7.8	13.6
10A	10A	10	21.10.2025	21	control	48.687	0.149	2.889	61.964	NA	NA	47.9	4.9	717	7.7	13.2
10B	10B	10	21.10.2025	21	heated	54.050	0.150	2.803	71.966	NA	NA	75.1	7.63	796	7.8	13.6
11A	11A	11	21.10.2025	21	heated	45.081	0.209	2.503	62.696	NA	NA	54.0	5.48	721	7.5	13.5
11B	11B	11	21.10.2025	21	control	52.688	0.098	3.681	71.795	NA	NA	59.5	6.11	728	7.9	13.2
12A	12A	12	21.10.2025	21	heated	47.030	0.239	2.391	64.477	NA	NA	47.2	4.84	714	7.4	13.5
12B	12B	12	21.10.2025	21	control	52.499	0.116	2.610	68.329	NA	NA	66.4	6.78	738	7.9	13.1
13A	13A	13	21.10.2025	21	control	50.812	0.138	3.986	69.525	NA	NA	58.7	6.07	709	7.7	12.9
13B	13B	13	21.10.2025	21	heated	52.030	0.211	2.861	70.111	NA	NA	63.1	6.47	717	7.6	13.5
14A	14A	14	21.10.2025	21	control	50.257	0.105	3.228	69.296	NA	NA	73.7	7.64	727	7.7	12.8
14B	14B	14	21.10.2025	21	heated	52.656	0.172	2.403	69.019	NA	NA	59.7	6.07	730	7.6	13.5
15A	15A	15	21.10.2025	21	heated	51.768	0.169	1.516	73.559	NA	NA	63.9	6.53	696	7.5	13.4
15B	15B	15	21.10.2025	21	control	50.984	0.114	2.939	68.879	NA	NA	54.6	5.63	719	7.9	13
16A	16A	16	21.10.2025	21	heated	51.938	0.223	2.192	71.506	NA	NA	48.2	4.93	715	7.4	13.5
16B	16B	16	21.10.2025	21	control	49.723	0.162	4.103	66.197	NA	NA	37.0	3.84	703	7.4	12.8
